X1	X2	X3	X4	X5	X6	X7	X8	X9
1	1	20	2568	5	26,2	7,1	25,68	Levante
2	2	20	2511	9	26,1	6,9	25,11	Levante
2	3	20	2329	8	26	7	23,29	Levante
1	4	20	2480	8	25,9	7,1	24,8	Levante
2	5	20	2383	7	25,6	6,9	23,83	Levante
1	6	20	2410	7	25,7	7	24,1	Levante
2	7	20	2509	6	26,1	6,8	25,09	Levante
2	8	20	2544	3	26,9	6,7	25,44	Levante
2	9	20	2371	7	25,8	6,9	23,71	Levante
2	10	20	2480	6	25,8	6,8	24,8	Levante
3	1	30	3155	3	25,8	6,9	45,08	Preengorde
2	2	30	3308	8	26,3	7,1	47,25	Preengorde
2	3	30	3277	6	26	6,9	46,82	Preengorde
2	4	30	3278	7	25,8	7	46,83	Preengorde
2	5	30	3269	3	26,3	7	46,69	Preengorde
3	6	30	3247	6	25,6	6,8	46,38	Preengorde
1	7	30	3305	3	26,2	7	47,22	Preengorde
2	8	30	3120	6	25,5	7	44,57	Preengorde
1	9	30	3391	7	24,8	7,3	48,44	Preengorde
1	10	30	3330	5	25,7	6,9	47,58	Preengorde
2	1	50	6190	4	26	7,1	88,43	Preengorde
3	2	50	6125	9	25,6	7	87,5	Preengorde
2	3	50	6134	4	26,2	6,8	87,63	Preengorde
2	4	27	6124	4	25,4	7	87,48	Preengorde
2	5	29	6123	4	26,1	6,8	87,48	Preengorde
2	6	50	6067	3	26,3	7	86,67	Preengorde
1	7	50	5923	4	25,3	7	84,61	Preengorde
1	8	50	6150	4	25,6	7	87,86	Preengorde
2	9	50	6093	9	26	7,1	87,05	Preengorde
3	10	50	6155	5	26,1	6,4	87,92	Preengorde
1	1	70	8966	5	26,5	7,1	128,08	Preengorde
2	2	70	9063	7	25,9	6,7	129,47	Preengorde
2	3	70	9036	6	25,3	6,9	129,08	Preengorde
2	4	70	9084	6	26,5	7,2	129,77	Preengorde
2	5	70	9038	5	26,1	6,7	129,11	Preengorde
2	6	70	9026	7	26,1	7,1	128,94	Preengorde
2	7	70	8988	4	25,4	7,1	128,41	Preengorde
1	8	70	9090	8	25,7	7	129,86	Preengorde
2	9	70	9076	7	26,6	7,1	129,65	Preengorde
1	10	70	9123	3	26	7,1	130,33	Preengorde
2	1	90	8587	7	25,5	7,1	171,74	Engorde
1	2	90	8518	3	26	7,1	170,37	Engorde
2	3	90	8621	4	25,6	7	172,42	Engorde
2	4	90	8595	8	26,1	6,8	171,9	Engorde
2	5	90	8627	6	26,6	6,8	172,55	Engorde
2	6	90	8563	7	25	7,2	171,26	Engorde
2	7	90	8681	5	25,8	7,1	173,62	Engorde
2	8	90	8618	4	25,1	7	172,37	Engorde
3	9	90	8643	7	26,7	6,7	172,87	Engorde
2	10	90	8608	8	24,8	7,1	172,17	Engorde
1	1	110	10770	6	26,3	6,8	215,4	Engorde
2	2	110	10849	7	26	7,1	216,99	Engorde
2	3	110	10688	6	26,4	7	213,75	Engorde
3	4	110	10775	7	25,9	7	215,5	Engorde
2	5	110	10895	8	26,2	7,1	217,91	Engorde
2	6	110	10765	8	25,6	7	215,3	Engorde
1	7	110	10810	6	25,7	6,7	216,2	Engorde
2	8	110	10736	6	25,8	7	214,72	Engorde
1	9	110	10771	4	25,7	6,8	215,42	Engorde
2	10	110	10818	6	25,6	7	216,36	Engorde
2	1	130	12918	7	26,1	6,7	258,36	Engorde
2	2	130	13005	9	25,4	6,7	260,09	Engorde
1	3	130	12889	7	25,5	7	257,78	Engorde
1	4	130	12966	8	26,2	7,3	259,33	Engorde
1	5	130	13005	6	26,4	6,8	260,1	Engorde
0	6	130	12969	3	25,8	6,9	259,38	Engorde
2	7	130	13086	7	25,5	6,8	261,72	Engorde
3	8	130	12922	8	25,9	7,2	258,44	Engorde
3	9	130	12924	4	25,5	6,8	258,47	Engorde
3	10	130	13028	4	26,3	7	260,55	Engorde
1	1	150	15189	8	25,6	6,8	303,78	Engorde
3	2	150	15133	4	26,3	7	302,65	Engorde
2	3	150	15199	6	24,9	7,4	303,99	Engorde
2	4	150	15068	9	26	6,7	301,36	Engorde
1	5	150	15124	8	26,1	7,1	302,47	Engorde
1	6	150	15149	4	25,8	6,9	302,99	Engorde
2	7	150	15120	7	26,1	7	302,39	Engorde
2	8	150	15270	7	25,9	7,1	305,4	Engorde
2	9	150	15224	4	26,3	6,9	304,49	Engorde
1	10	150	15237	7	26,6	6,9	304,74	Engorde
2	1	170	17414	5	25,9	7,2	348,28	Engorde
2	2	170	17298	4	24,6	6,9	345,96	Engorde
2	3	170	17366	4	25,9	7	347,32	Engorde
2	4	170	17400	8	25,8	7,4	348	Engorde
2	5	170	17302	6	25,9	6,7	346,04	Engorde
3	6	170	17290	6	25,8	7	345,81	Engorde
3	7	170	17246	9	25,6	7	344,93	Engorde
2	8	170	17369	9	25,2	6,8	347,38	Engorde
2	9	170	17321	8	25	7,1	346,41	Engorde
1	10	170	17310	4	25,8	7,1	346,2	Engorde
1	1	190	7829	4	25,7	6,8	391,45	Engorde
1	2	190	7818	6	25,9	6,9	390,88	Engorde
2	3	190	7830	6	27,7	7	391,51	Engorde
2	4	190	7835	3	26,5	7,1	391,73	Engorde
2	5	190	7800	5	26,6	7	390	Engorde
1	6	190	7770	5	25,9	6,9	388,52	Engorde
3	7	190	7834	4	26	6,9	391,72	Engorde
2	8	190	7817	3	26	6,7	390,85	Engorde
2	9	190	7807	5	26,2	7	390,36	Engorde
2	10	190	7831	8	26,3	6,9	391,54	Engorde
3	1	210	8685	5	25,4	7,2	434,24	Engorde
3	2	210	8686	6	26,3	7,3	434,28	Engorde
2	3	210	8730	4	26,1	7	436,51	Engorde
1	4	210	8710	9	26,4	6,7	435,52	Engorde
2	5	210	8695	8	25,2	7,2	434,77	Engorde
2	6	210	8647	6	25,5	7,1	432,36	Engorde
3	7	210	8726	6	26,5	6,9	436,28	Engorde
3	8	210	8681	5	26,7	7,2	434,03	Engorde
2	9	210	8711	5	25,9	7,5	435,56	Engorde
2	10	210	8709	8	26	7,1	435,47	Engorde
3	1	230	9561	7	25,9	6,9	478,07	Engorde
3	2	230	9578	6	26,9	6,9	478,92	Engorde
2	3	230	9579	5	27,6	6,9	478,97	Engorde
2	4	230	9582	5	27,2	7,1	479,09	Engorde
2	5	230	9569	8	26,5	6,8	478,43	Engorde
2	6	230	9578	6	26,4	7,1	478,88	Engorde
2	7	230	9557	4	26	6,9	477,83	Engorde
2	8	230	9562	6	26,3	7	478,09	Engorde
2	9	230	9614	4	26,9	7	480,72	Engorde
1	10	230	9604	7	25,6	7,1	480,18	Engorde
